{
 "cells": [
  {
   "cell_type": "code",
   "execution_count": 1,
   "id": "2072ec1c",
   "metadata": {},
   "outputs": [],
   "source": [
    "import numpy as np\n",
    "import pandas as pd\n",
    "import seaborn as sns\n",
    "import matplotlib.pyplot as plt"
   ]
  },
  {
   "cell_type": "code",
   "execution_count": 2,
   "id": "557030f3",
   "metadata": {},
   "outputs": [],
   "source": [
    "data = pd.read_csv('wine.data')"
   ]
  },
  {
   "cell_type": "code",
   "execution_count": 3,
   "id": "30030596",
   "metadata": {},
   "outputs": [
    {
     "data": {
      "text/plain": [
       "(177, 14)"
      ]
     },
     "execution_count": 3,
     "metadata": {},
     "output_type": "execute_result"
    }
   ],
   "source": [
    "data.shape"
   ]
  },
  {
   "cell_type": "code",
   "execution_count": 4,
   "id": "dca8bfa4",
   "metadata": {},
   "outputs": [
    {
     "data": {
      "text/plain": [
       "1          int64\n",
       "14.23    float64\n",
       "1.71     float64\n",
       "2.43     float64\n",
       "15.6     float64\n",
       "127        int64\n",
       "2.8      float64\n",
       "3.06     float64\n",
       ".28      float64\n",
       "2.29     float64\n",
       "5.64     float64\n",
       "1.04     float64\n",
       "3.92     float64\n",
       "1065       int64\n",
       "dtype: object"
      ]
     },
     "execution_count": 4,
     "metadata": {},
     "output_type": "execute_result"
    }
   ],
   "source": [
    "data.dtypes"
   ]
  },
  {
   "cell_type": "code",
   "execution_count": 5,
   "id": "e98adb79",
   "metadata": {},
   "outputs": [
    {
     "data": {
      "text/plain": [
       "1        0\n",
       "14.23    0\n",
       "1.71     0\n",
       "2.43     0\n",
       "15.6     0\n",
       "127      0\n",
       "2.8      0\n",
       "3.06     0\n",
       ".28      0\n",
       "2.29     0\n",
       "5.64     0\n",
       "1.04     0\n",
       "3.92     0\n",
       "1065     0\n",
       "dtype: int64"
      ]
     },
     "execution_count": 5,
     "metadata": {},
     "output_type": "execute_result"
    }
   ],
   "source": [
    "data.isnull().sum()"
   ]
  },
  {
   "cell_type": "code",
   "execution_count": 6,
   "id": "f6df0268",
   "metadata": {},
   "outputs": [
    {
     "data": {
      "text/html": [
       "<div>\n",
       "<style scoped>\n",
       "    .dataframe tbody tr th:only-of-type {\n",
       "        vertical-align: middle;\n",
       "    }\n",
       "\n",
       "    .dataframe tbody tr th {\n",
       "        vertical-align: top;\n",
       "    }\n",
       "\n",
       "    .dataframe thead th {\n",
       "        text-align: right;\n",
       "    }\n",
       "</style>\n",
       "<table border=\"1\" class=\"dataframe\">\n",
       "  <thead>\n",
       "    <tr style=\"text-align: right;\">\n",
       "      <th></th>\n",
       "      <th>1</th>\n",
       "      <th>14.23</th>\n",
       "      <th>1.71</th>\n",
       "      <th>2.43</th>\n",
       "      <th>15.6</th>\n",
       "      <th>127</th>\n",
       "      <th>2.8</th>\n",
       "      <th>3.06</th>\n",
       "      <th>.28</th>\n",
       "      <th>2.29</th>\n",
       "      <th>5.64</th>\n",
       "      <th>1.04</th>\n",
       "      <th>3.92</th>\n",
       "      <th>1065</th>\n",
       "    </tr>\n",
       "  </thead>\n",
       "  <tbody>\n",
       "    <tr>\n",
       "      <th>1</th>\n",
       "      <td>1.000000</td>\n",
       "      <td>-0.321238</td>\n",
       "      <td>0.436127</td>\n",
       "      <td>-0.048260</td>\n",
       "      <td>0.513963</td>\n",
       "      <td>-0.198944</td>\n",
       "      <td>-0.717933</td>\n",
       "      <td>-0.846485</td>\n",
       "      <td>0.487215</td>\n",
       "      <td>-0.494887</td>\n",
       "      <td>0.268562</td>\n",
       "      <td>-0.617690</td>\n",
       "      <td>-0.786428</td>\n",
       "      <td>-0.631227</td>\n",
       "    </tr>\n",
       "    <tr>\n",
       "      <th>14.23</th>\n",
       "      <td>-0.321238</td>\n",
       "      <td>1.000000</td>\n",
       "      <td>0.099963</td>\n",
       "      <td>0.210964</td>\n",
       "      <td>-0.303350</td>\n",
       "      <td>0.258742</td>\n",
       "      <td>0.284543</td>\n",
       "      <td>0.230133</td>\n",
       "      <td>-0.151445</td>\n",
       "      <td>0.127561</td>\n",
       "      <td>0.547883</td>\n",
       "      <td>-0.075375</td>\n",
       "      <td>0.057417</td>\n",
       "      <td>0.641068</td>\n",
       "    </tr>\n",
       "    <tr>\n",
       "      <th>1.71</th>\n",
       "      <td>0.436127</td>\n",
       "      <td>0.099963</td>\n",
       "      <td>1.000000</td>\n",
       "      <td>0.164955</td>\n",
       "      <td>0.286148</td>\n",
       "      <td>-0.049049</td>\n",
       "      <td>-0.333512</td>\n",
       "      <td>-0.409324</td>\n",
       "      <td>0.291501</td>\n",
       "      <td>-0.217975</td>\n",
       "      <td>0.250053</td>\n",
       "      <td>-0.560854</td>\n",
       "      <td>-0.366720</td>\n",
       "      <td>-0.189512</td>\n",
       "    </tr>\n",
       "    <tr>\n",
       "      <th>2.43</th>\n",
       "      <td>-0.048260</td>\n",
       "      <td>0.210964</td>\n",
       "      <td>0.164955</td>\n",
       "      <td>1.000000</td>\n",
       "      <td>0.446698</td>\n",
       "      <td>0.287107</td>\n",
       "      <td>0.128176</td>\n",
       "      <td>0.114084</td>\n",
       "      <td>0.187354</td>\n",
       "      <td>0.008082</td>\n",
       "      <td>0.258643</td>\n",
       "      <td>-0.075181</td>\n",
       "      <td>0.001503</td>\n",
       "      <td>0.222979</td>\n",
       "    </tr>\n",
       "    <tr>\n",
       "      <th>15.6</th>\n",
       "      <td>0.513963</td>\n",
       "      <td>-0.303350</td>\n",
       "      <td>0.286148</td>\n",
       "      <td>0.446698</td>\n",
       "      <td>1.000000</td>\n",
       "      <td>-0.071707</td>\n",
       "      <td>-0.317583</td>\n",
       "      <td>-0.346922</td>\n",
       "      <td>0.359395</td>\n",
       "      <td>-0.190779</td>\n",
       "      <td>0.020478</td>\n",
       "      <td>-0.272719</td>\n",
       "      <td>-0.268186</td>\n",
       "      <td>-0.436858</td>\n",
       "    </tr>\n",
       "    <tr>\n",
       "      <th>127</th>\n",
       "      <td>-0.198944</td>\n",
       "      <td>0.258742</td>\n",
       "      <td>-0.049049</td>\n",
       "      <td>0.287107</td>\n",
       "      <td>-0.071707</td>\n",
       "      <td>1.000000</td>\n",
       "      <td>0.208200</td>\n",
       "      <td>0.187101</td>\n",
       "      <td>-0.252091</td>\n",
       "      <td>0.226504</td>\n",
       "      <td>0.199337</td>\n",
       "      <td>0.052042</td>\n",
       "      <td>0.046961</td>\n",
       "      <td>0.387542</td>\n",
       "    </tr>\n",
       "    <tr>\n",
       "      <th>2.8</th>\n",
       "      <td>-0.717933</td>\n",
       "      <td>0.284543</td>\n",
       "      <td>-0.333512</td>\n",
       "      <td>0.128176</td>\n",
       "      <td>-0.317583</td>\n",
       "      <td>0.208200</td>\n",
       "      <td>1.000000</td>\n",
       "      <td>0.864046</td>\n",
       "      <td>-0.448301</td>\n",
       "      <td>0.610533</td>\n",
       "      <td>-0.056401</td>\n",
       "      <td>0.432987</td>\n",
       "      <td>0.699566</td>\n",
       "      <td>0.495839</td>\n",
       "    </tr>\n",
       "    <tr>\n",
       "      <th>3.06</th>\n",
       "      <td>-0.846485</td>\n",
       "      <td>0.230133</td>\n",
       "      <td>-0.409324</td>\n",
       "      <td>0.114084</td>\n",
       "      <td>-0.346922</td>\n",
       "      <td>0.187101</td>\n",
       "      <td>0.864046</td>\n",
       "      <td>1.000000</td>\n",
       "      <td>-0.536326</td>\n",
       "      <td>0.650254</td>\n",
       "      <td>-0.174411</td>\n",
       "      <td>0.543208</td>\n",
       "      <td>0.786372</td>\n",
       "      <td>0.491180</td>\n",
       "    </tr>\n",
       "    <tr>\n",
       "      <th>.28</th>\n",
       "      <td>0.487215</td>\n",
       "      <td>-0.151445</td>\n",
       "      <td>0.291501</td>\n",
       "      <td>0.187354</td>\n",
       "      <td>0.359395</td>\n",
       "      <td>-0.252091</td>\n",
       "      <td>-0.448301</td>\n",
       "      <td>-0.536326</td>\n",
       "      <td>1.000000</td>\n",
       "      <td>-0.363268</td>\n",
       "      <td>0.140192</td>\n",
       "      <td>-0.261709</td>\n",
       "      <td>-0.501859</td>\n",
       "      <td>-0.308886</td>\n",
       "    </tr>\n",
       "    <tr>\n",
       "      <th>2.29</th>\n",
       "      <td>-0.494887</td>\n",
       "      <td>0.127561</td>\n",
       "      <td>-0.217975</td>\n",
       "      <td>0.008082</td>\n",
       "      <td>-0.190779</td>\n",
       "      <td>0.226504</td>\n",
       "      <td>0.610533</td>\n",
       "      <td>0.650254</td>\n",
       "      <td>-0.363268</td>\n",
       "      <td>1.000000</td>\n",
       "      <td>-0.027112</td>\n",
       "      <td>0.294397</td>\n",
       "      <td>0.513415</td>\n",
       "      <td>0.325731</td>\n",
       "    </tr>\n",
       "    <tr>\n",
       "      <th>5.64</th>\n",
       "      <td>0.268562</td>\n",
       "      <td>0.547883</td>\n",
       "      <td>0.250053</td>\n",
       "      <td>0.258643</td>\n",
       "      <td>0.020478</td>\n",
       "      <td>0.199337</td>\n",
       "      <td>-0.056401</td>\n",
       "      <td>-0.174411</td>\n",
       "      <td>0.140192</td>\n",
       "      <td>-0.027112</td>\n",
       "      <td>1.000000</td>\n",
       "      <td>-0.522615</td>\n",
       "      <td>-0.435744</td>\n",
       "      <td>0.315632</td>\n",
       "    </tr>\n",
       "    <tr>\n",
       "      <th>1.04</th>\n",
       "      <td>-0.617690</td>\n",
       "      <td>-0.075375</td>\n",
       "      <td>-0.560854</td>\n",
       "      <td>-0.075181</td>\n",
       "      <td>-0.272719</td>\n",
       "      <td>0.052042</td>\n",
       "      <td>0.432987</td>\n",
       "      <td>0.543208</td>\n",
       "      <td>-0.261709</td>\n",
       "      <td>0.294397</td>\n",
       "      <td>-0.522615</td>\n",
       "      <td>1.000000</td>\n",
       "      <td>0.567395</td>\n",
       "      <td>0.234879</td>\n",
       "    </tr>\n",
       "    <tr>\n",
       "      <th>3.92</th>\n",
       "      <td>-0.786428</td>\n",
       "      <td>0.057417</td>\n",
       "      <td>-0.366720</td>\n",
       "      <td>0.001503</td>\n",
       "      <td>-0.268186</td>\n",
       "      <td>0.046961</td>\n",
       "      <td>0.699566</td>\n",
       "      <td>0.786372</td>\n",
       "      <td>-0.501859</td>\n",
       "      <td>0.513415</td>\n",
       "      <td>-0.435744</td>\n",
       "      <td>0.567395</td>\n",
       "      <td>1.000000</td>\n",
       "      <td>0.306031</td>\n",
       "    </tr>\n",
       "    <tr>\n",
       "      <th>1065</th>\n",
       "      <td>-0.631227</td>\n",
       "      <td>0.641068</td>\n",
       "      <td>-0.189512</td>\n",
       "      <td>0.222979</td>\n",
       "      <td>-0.436858</td>\n",
       "      <td>0.387542</td>\n",
       "      <td>0.495839</td>\n",
       "      <td>0.491180</td>\n",
       "      <td>-0.308886</td>\n",
       "      <td>0.325731</td>\n",
       "      <td>0.315632</td>\n",
       "      <td>0.234879</td>\n",
       "      <td>0.306031</td>\n",
       "      <td>1.000000</td>\n",
       "    </tr>\n",
       "  </tbody>\n",
       "</table>\n",
       "</div>"
      ],
      "text/plain": [
       "              1     14.23      1.71      2.43      15.6       127       2.8   \n",
       "1      1.000000 -0.321238  0.436127 -0.048260  0.513963 -0.198944 -0.717933  \\\n",
       "14.23 -0.321238  1.000000  0.099963  0.210964 -0.303350  0.258742  0.284543   \n",
       "1.71   0.436127  0.099963  1.000000  0.164955  0.286148 -0.049049 -0.333512   \n",
       "2.43  -0.048260  0.210964  0.164955  1.000000  0.446698  0.287107  0.128176   \n",
       "15.6   0.513963 -0.303350  0.286148  0.446698  1.000000 -0.071707 -0.317583   \n",
       "127   -0.198944  0.258742 -0.049049  0.287107 -0.071707  1.000000  0.208200   \n",
       "2.8   -0.717933  0.284543 -0.333512  0.128176 -0.317583  0.208200  1.000000   \n",
       "3.06  -0.846485  0.230133 -0.409324  0.114084 -0.346922  0.187101  0.864046   \n",
       ".28    0.487215 -0.151445  0.291501  0.187354  0.359395 -0.252091 -0.448301   \n",
       "2.29  -0.494887  0.127561 -0.217975  0.008082 -0.190779  0.226504  0.610533   \n",
       "5.64   0.268562  0.547883  0.250053  0.258643  0.020478  0.199337 -0.056401   \n",
       "1.04  -0.617690 -0.075375 -0.560854 -0.075181 -0.272719  0.052042  0.432987   \n",
       "3.92  -0.786428  0.057417 -0.366720  0.001503 -0.268186  0.046961  0.699566   \n",
       "1065  -0.631227  0.641068 -0.189512  0.222979 -0.436858  0.387542  0.495839   \n",
       "\n",
       "           3.06       .28      2.29      5.64      1.04      3.92      1065  \n",
       "1     -0.846485  0.487215 -0.494887  0.268562 -0.617690 -0.786428 -0.631227  \n",
       "14.23  0.230133 -0.151445  0.127561  0.547883 -0.075375  0.057417  0.641068  \n",
       "1.71  -0.409324  0.291501 -0.217975  0.250053 -0.560854 -0.366720 -0.189512  \n",
       "2.43   0.114084  0.187354  0.008082  0.258643 -0.075181  0.001503  0.222979  \n",
       "15.6  -0.346922  0.359395 -0.190779  0.020478 -0.272719 -0.268186 -0.436858  \n",
       "127    0.187101 -0.252091  0.226504  0.199337  0.052042  0.046961  0.387542  \n",
       "2.8    0.864046 -0.448301  0.610533 -0.056401  0.432987  0.699566  0.495839  \n",
       "3.06   1.000000 -0.536326  0.650254 -0.174411  0.543208  0.786372  0.491180  \n",
       ".28   -0.536326  1.000000 -0.363268  0.140192 -0.261709 -0.501859 -0.308886  \n",
       "2.29   0.650254 -0.363268  1.000000 -0.027112  0.294397  0.513415  0.325731  \n",
       "5.64  -0.174411  0.140192 -0.027112  1.000000 -0.522615 -0.435744  0.315632  \n",
       "1.04   0.543208 -0.261709  0.294397 -0.522615  1.000000  0.567395  0.234879  \n",
       "3.92   0.786372 -0.501859  0.513415 -0.435744  0.567395  1.000000  0.306031  \n",
       "1065   0.491180 -0.308886  0.325731  0.315632  0.234879  0.306031  1.000000  "
      ]
     },
     "execution_count": 6,
     "metadata": {},
     "output_type": "execute_result"
    }
   ],
   "source": [
    "data.corr(method='pearson')"
   ]
  },
  {
   "cell_type": "code",
   "execution_count": 7,
   "id": "760a19fd",
   "metadata": {},
   "outputs": [
    {
     "data": {
      "text/html": [
       "<div>\n",
       "<style scoped>\n",
       "    .dataframe tbody tr th:only-of-type {\n",
       "        vertical-align: middle;\n",
       "    }\n",
       "\n",
       "    .dataframe tbody tr th {\n",
       "        vertical-align: top;\n",
       "    }\n",
       "\n",
       "    .dataframe thead th {\n",
       "        text-align: right;\n",
       "    }\n",
       "</style>\n",
       "<table border=\"1\" class=\"dataframe\">\n",
       "  <thead>\n",
       "    <tr style=\"text-align: right;\">\n",
       "      <th></th>\n",
       "      <th>1</th>\n",
       "      <th>14.23</th>\n",
       "      <th>1.71</th>\n",
       "      <th>2.43</th>\n",
       "      <th>15.6</th>\n",
       "      <th>127</th>\n",
       "      <th>2.8</th>\n",
       "      <th>3.06</th>\n",
       "      <th>.28</th>\n",
       "      <th>2.29</th>\n",
       "      <th>5.64</th>\n",
       "      <th>1.04</th>\n",
       "      <th>3.92</th>\n",
       "      <th>1065</th>\n",
       "    </tr>\n",
       "  </thead>\n",
       "  <tbody>\n",
       "    <tr>\n",
       "      <th>1</th>\n",
       "      <td>1.000000</td>\n",
       "      <td>-0.232471</td>\n",
       "      <td>0.248034</td>\n",
       "      <td>-0.035109</td>\n",
       "      <td>0.445574</td>\n",
       "      <td>-0.178422</td>\n",
       "      <td>-0.589807</td>\n",
       "      <td>-0.724959</td>\n",
       "      <td>0.378465</td>\n",
       "      <td>-0.447446</td>\n",
       "      <td>0.069904</td>\n",
       "      <td>-0.480831</td>\n",
       "      <td>-0.605134</td>\n",
       "      <td>-0.401496</td>\n",
       "    </tr>\n",
       "    <tr>\n",
       "      <th>14.23</th>\n",
       "      <td>-0.232471</td>\n",
       "      <td>1.000000</td>\n",
       "      <td>0.097493</td>\n",
       "      <td>0.169449</td>\n",
       "      <td>-0.205964</td>\n",
       "      <td>0.243808</td>\n",
       "      <td>0.205378</td>\n",
       "      <td>0.185078</td>\n",
       "      <td>-0.106818</td>\n",
       "      <td>0.126311</td>\n",
       "      <td>0.435506</td>\n",
       "      <td>-0.024423</td>\n",
       "      <td>0.051954</td>\n",
       "      <td>0.446761</td>\n",
       "    </tr>\n",
       "    <tr>\n",
       "      <th>1.71</th>\n",
       "      <td>0.248034</td>\n",
       "      <td>0.097493</td>\n",
       "      <td>1.000000</td>\n",
       "      <td>0.159727</td>\n",
       "      <td>0.209928</td>\n",
       "      <td>0.054976</td>\n",
       "      <td>-0.175022</td>\n",
       "      <td>-0.211493</td>\n",
       "      <td>0.174774</td>\n",
       "      <td>-0.167783</td>\n",
       "      <td>0.197060</td>\n",
       "      <td>-0.388852</td>\n",
       "      <td>-0.161796</td>\n",
       "      <td>-0.043812</td>\n",
       "    </tr>\n",
       "    <tr>\n",
       "      <th>2.43</th>\n",
       "      <td>-0.035109</td>\n",
       "      <td>0.169449</td>\n",
       "      <td>0.159727</td>\n",
       "      <td>1.000000</td>\n",
       "      <td>0.263518</td>\n",
       "      <td>0.254378</td>\n",
       "      <td>0.088535</td>\n",
       "      <td>0.048034</td>\n",
       "      <td>0.100270</td>\n",
       "      <td>0.016434</td>\n",
       "      <td>0.187672</td>\n",
       "      <td>-0.038044</td>\n",
       "      <td>-0.008941</td>\n",
       "      <td>0.169519</td>\n",
       "    </tr>\n",
       "    <tr>\n",
       "      <th>15.6</th>\n",
       "      <td>0.445574</td>\n",
       "      <td>-0.205964</td>\n",
       "      <td>0.209928</td>\n",
       "      <td>0.263518</td>\n",
       "      <td>1.000000</td>\n",
       "      <td>-0.113236</td>\n",
       "      <td>-0.253969</td>\n",
       "      <td>-0.305676</td>\n",
       "      <td>0.277009</td>\n",
       "      <td>-0.165321</td>\n",
       "      <td>-0.055134</td>\n",
       "      <td>-0.238784</td>\n",
       "      <td>-0.219524</td>\n",
       "      <td>-0.309642</td>\n",
       "    </tr>\n",
       "    <tr>\n",
       "      <th>127</th>\n",
       "      <td>-0.178422</td>\n",
       "      <td>0.243808</td>\n",
       "      <td>0.054976</td>\n",
       "      <td>0.254378</td>\n",
       "      <td>-0.113236</td>\n",
       "      <td>1.000000</td>\n",
       "      <td>0.168536</td>\n",
       "      <td>0.156363</td>\n",
       "      <td>-0.155500</td>\n",
       "      <td>0.110268</td>\n",
       "      <td>0.241637</td>\n",
       "      <td>0.021280</td>\n",
       "      <td>0.024201</td>\n",
       "      <td>0.340181</td>\n",
       "    </tr>\n",
       "    <tr>\n",
       "      <th>2.8</th>\n",
       "      <td>-0.589807</td>\n",
       "      <td>0.205378</td>\n",
       "      <td>-0.175022</td>\n",
       "      <td>0.088535</td>\n",
       "      <td>-0.253969</td>\n",
       "      <td>0.168536</td>\n",
       "      <td>1.000000</td>\n",
       "      <td>0.701513</td>\n",
       "      <td>-0.309627</td>\n",
       "      <td>0.465929</td>\n",
       "      <td>0.024703</td>\n",
       "      <td>0.289564</td>\n",
       "      <td>0.478102</td>\n",
       "      <td>0.276175</td>\n",
       "    </tr>\n",
       "    <tr>\n",
       "      <th>3.06</th>\n",
       "      <td>-0.724959</td>\n",
       "      <td>0.185078</td>\n",
       "      <td>-0.211493</td>\n",
       "      <td>0.048034</td>\n",
       "      <td>-0.305676</td>\n",
       "      <td>0.156363</td>\n",
       "      <td>0.701513</td>\n",
       "      <td>1.000000</td>\n",
       "      <td>-0.378044</td>\n",
       "      <td>0.533392</td>\n",
       "      <td>0.023523</td>\n",
       "      <td>0.355374</td>\n",
       "      <td>0.518586</td>\n",
       "      <td>0.258279</td>\n",
       "    </tr>\n",
       "    <tr>\n",
       "      <th>.28</th>\n",
       "      <td>0.378465</td>\n",
       "      <td>-0.106818</td>\n",
       "      <td>0.174774</td>\n",
       "      <td>0.100270</td>\n",
       "      <td>0.277009</td>\n",
       "      <td>-0.155500</td>\n",
       "      <td>-0.309627</td>\n",
       "      <td>-0.378044</td>\n",
       "      <td>1.000000</td>\n",
       "      <td>-0.268260</td>\n",
       "      <td>0.037458</td>\n",
       "      <td>-0.180335</td>\n",
       "      <td>-0.363307</td>\n",
       "      <td>-0.172956</td>\n",
       "    </tr>\n",
       "    <tr>\n",
       "      <th>2.29</th>\n",
       "      <td>-0.447446</td>\n",
       "      <td>0.126311</td>\n",
       "      <td>-0.167783</td>\n",
       "      <td>0.016434</td>\n",
       "      <td>-0.165321</td>\n",
       "      <td>0.110268</td>\n",
       "      <td>0.465929</td>\n",
       "      <td>0.533392</td>\n",
       "      <td>-0.268260</td>\n",
       "      <td>1.000000</td>\n",
       "      <td>-0.018948</td>\n",
       "      <td>0.231062</td>\n",
       "      <td>0.364443</td>\n",
       "      <td>0.199632</td>\n",
       "    </tr>\n",
       "    <tr>\n",
       "      <th>5.64</th>\n",
       "      <td>0.069904</td>\n",
       "      <td>0.435506</td>\n",
       "      <td>0.197060</td>\n",
       "      <td>0.187672</td>\n",
       "      <td>-0.055134</td>\n",
       "      <td>0.241637</td>\n",
       "      <td>0.024703</td>\n",
       "      <td>0.023523</td>\n",
       "      <td>0.037458</td>\n",
       "      <td>-0.018948</td>\n",
       "      <td>1.000000</td>\n",
       "      <td>-0.293412</td>\n",
       "      <td>-0.212074</td>\n",
       "      <td>0.315851</td>\n",
       "    </tr>\n",
       "    <tr>\n",
       "      <th>1.04</th>\n",
       "      <td>-0.480831</td>\n",
       "      <td>-0.024423</td>\n",
       "      <td>-0.388852</td>\n",
       "      <td>-0.038044</td>\n",
       "      <td>-0.238784</td>\n",
       "      <td>0.021280</td>\n",
       "      <td>0.289564</td>\n",
       "      <td>0.355374</td>\n",
       "      <td>-0.180335</td>\n",
       "      <td>0.231062</td>\n",
       "      <td>-0.293412</td>\n",
       "      <td>1.000000</td>\n",
       "      <td>0.325865</td>\n",
       "      <td>0.141359</td>\n",
       "    </tr>\n",
       "    <tr>\n",
       "      <th>3.92</th>\n",
       "      <td>-0.605134</td>\n",
       "      <td>0.051954</td>\n",
       "      <td>-0.161796</td>\n",
       "      <td>-0.008941</td>\n",
       "      <td>-0.219524</td>\n",
       "      <td>0.024201</td>\n",
       "      <td>0.478102</td>\n",
       "      <td>0.518586</td>\n",
       "      <td>-0.363307</td>\n",
       "      <td>0.364443</td>\n",
       "      <td>-0.212074</td>\n",
       "      <td>0.325865</td>\n",
       "      <td>1.000000</td>\n",
       "      <td>0.146057</td>\n",
       "    </tr>\n",
       "    <tr>\n",
       "      <th>1065</th>\n",
       "      <td>-0.401496</td>\n",
       "      <td>0.446761</td>\n",
       "      <td>-0.043812</td>\n",
       "      <td>0.169519</td>\n",
       "      <td>-0.309642</td>\n",
       "      <td>0.340181</td>\n",
       "      <td>0.276175</td>\n",
       "      <td>0.258279</td>\n",
       "      <td>-0.172956</td>\n",
       "      <td>0.199632</td>\n",
       "      <td>0.315851</td>\n",
       "      <td>0.141359</td>\n",
       "      <td>0.146057</td>\n",
       "      <td>1.000000</td>\n",
       "    </tr>\n",
       "  </tbody>\n",
       "</table>\n",
       "</div>"
      ],
      "text/plain": [
       "              1     14.23      1.71      2.43      15.6       127       2.8   \n",
       "1      1.000000 -0.232471  0.248034 -0.035109  0.445574 -0.178422 -0.589807  \\\n",
       "14.23 -0.232471  1.000000  0.097493  0.169449 -0.205964  0.243808  0.205378   \n",
       "1.71   0.248034  0.097493  1.000000  0.159727  0.209928  0.054976 -0.175022   \n",
       "2.43  -0.035109  0.169449  0.159727  1.000000  0.263518  0.254378  0.088535   \n",
       "15.6   0.445574 -0.205964  0.209928  0.263518  1.000000 -0.113236 -0.253969   \n",
       "127   -0.178422  0.243808  0.054976  0.254378 -0.113236  1.000000  0.168536   \n",
       "2.8   -0.589807  0.205378 -0.175022  0.088535 -0.253969  0.168536  1.000000   \n",
       "3.06  -0.724959  0.185078 -0.211493  0.048034 -0.305676  0.156363  0.701513   \n",
       ".28    0.378465 -0.106818  0.174774  0.100270  0.277009 -0.155500 -0.309627   \n",
       "2.29  -0.447446  0.126311 -0.167783  0.016434 -0.165321  0.110268  0.465929   \n",
       "5.64   0.069904  0.435506  0.197060  0.187672 -0.055134  0.241637  0.024703   \n",
       "1.04  -0.480831 -0.024423 -0.388852 -0.038044 -0.238784  0.021280  0.289564   \n",
       "3.92  -0.605134  0.051954 -0.161796 -0.008941 -0.219524  0.024201  0.478102   \n",
       "1065  -0.401496  0.446761 -0.043812  0.169519 -0.309642  0.340181  0.276175   \n",
       "\n",
       "           3.06       .28      2.29      5.64      1.04      3.92      1065  \n",
       "1     -0.724959  0.378465 -0.447446  0.069904 -0.480831 -0.605134 -0.401496  \n",
       "14.23  0.185078 -0.106818  0.126311  0.435506 -0.024423  0.051954  0.446761  \n",
       "1.71  -0.211493  0.174774 -0.167783  0.197060 -0.388852 -0.161796 -0.043812  \n",
       "2.43   0.048034  0.100270  0.016434  0.187672 -0.038044 -0.008941  0.169519  \n",
       "15.6  -0.305676  0.277009 -0.165321 -0.055134 -0.238784 -0.219524 -0.309642  \n",
       "127    0.156363 -0.155500  0.110268  0.241637  0.021280  0.024201  0.340181  \n",
       "2.8    0.701513 -0.309627  0.465929  0.024703  0.289564  0.478102  0.276175  \n",
       "3.06   1.000000 -0.378044  0.533392  0.023523  0.355374  0.518586  0.258279  \n",
       ".28   -0.378044  1.000000 -0.268260  0.037458 -0.180335 -0.363307 -0.172956  \n",
       "2.29   0.533392 -0.268260  1.000000 -0.018948  0.231062  0.364443  0.199632  \n",
       "5.64   0.023523  0.037458 -0.018948  1.000000 -0.293412 -0.212074  0.315851  \n",
       "1.04   0.355374 -0.180335  0.231062 -0.293412  1.000000  0.325865  0.141359  \n",
       "3.92   0.518586 -0.363307  0.364443 -0.212074  0.325865  1.000000  0.146057  \n",
       "1065   0.258279 -0.172956  0.199632  0.315851  0.141359  0.146057  1.000000  "
      ]
     },
     "execution_count": 7,
     "metadata": {},
     "output_type": "execute_result"
    }
   ],
   "source": [
    "data.corr(method='kendall')"
   ]
  },
  {
   "cell_type": "code",
   "execution_count": 8,
   "id": "a5ee7b9a",
   "metadata": {},
   "outputs": [
    {
     "data": {
      "text/plain": [
       "<Axes: >"
      ]
     },
     "execution_count": 8,
     "metadata": {},
     "output_type": "execute_result"
    },
    {
     "data": {
